export const MOTIFS = {"IRF1": [[0.323, 0.103, 0.503, 0.071], [0.536, 0.179, 0.258, 0.028], [0.818, 0.09, 0.058, 0.034], [0.906, 0.0, 0.077, 0.017], [0.182, 0.427, 0.213, 0.178], [0.256, 0.242, 0.113, 0.39], [0.1, 0.003, 0.898, 0.0], [0.696, 0.3, 0.0, 0.004], [0.837, 0.129, 0.005, 0.029], [0.885, 0.0, 0.069, 0.046], [0.082, 0.426, 0.46, 0.032], [0.119, 0.292, 0.166, 0.423], [0.422, 0.034, 0.486, 0.058], [0.493, 0.145, 0.317, 0.045], [0.511, 0.206, 0.151, 0.131], [0.52, 0.098, 0.297, 0.085]], "HIC1": [[0.001, 0.022, 0.0, 0.977], [0.06, 0.0, 0.938, 0.002], [0.186, 0.783, 0.031, 0.0], [0.007, 0.959, 0.002, 0.032], [0.054, 0.934, 0.006, 0.006], [0.261, 0.0, 0.169, 0.569], [0.078, 0.487, 0.179, 0.255]], "LHX2": [[0.067, 0.666, 0.193, 0.074], [0.0, 0.215, 0.0, 0.785], [0.512, 0.446, 0.0, 0.041], [1.0, 0.0, 0.0, 0.0], [0.0, 0.0, 0.003, 0.997], [0.001, 0.018, 0.004, 0.978], [0.988, 0.0, 0.0, 0.012]], "ZNF667": [[0.052, 0.058, 0.825, 0.064], [0.236, 0.282, 0.331, 0.15], [0.071, 0.083, 0.285, 0.561], [0.074, 0.046, 0.816, 0.064], [0.785, 0.012, 0.166, 0.037], [0.083, 0.009, 0.902, 0.006], [0.003, 0.936, 0.012, 0.049], [0.028, 0.046, 0.025, 0.902], [0.003, 0.448, 0.012, 0.537], [0.123, 0.058, 0.12, 0.699], [0.083, 0.028, 0.067, 0.822], [0.758, 0.031, 0.117, 0.095], [0.798, 0.117, 0.055, 0.031], [0.393, 0.028, 0.518, 0.061], [0.025, 0.043, 0.911, 0.021], [0.077, 0.644, 0.187, 0.092], [0.11, 0.788, 0.058, 0.043], [0.518, 0.181, 0.086, 0.215], [0.113, 0.712, 0.08, 0.095]], "ZNF341": [[0.008, 0.006, 0.977, 0.008], [0.014, 0.961, 0.017, 0.009], [0.047, 0.15, 0.053, 0.751], [0.093, 0.309, 0.558, 0.041], [0.027, 0.055, 0.01, 0.908], [0.003, 0.069, 0.094, 0.834], [0.075, 0.791, 0.088, 0.045], [0.057, 0.685, 0.035, 0.223]], "TP53": [[0.264, 0.024, 0.526, 0.186], [0.459, 0.0, 0.476, 0.066], [0.017, 0.96, 0.001, 0.023], [0.79, 0.0, 0.103, 0.106], [0.209, 0.063, 0.019, 0.71], [0.0, 0.004, 0.978, 0.018], [0.055, 0.368, 0.0, 0.577], [0.101, 0.59, 0.019, 0.289], [0.156, 0.329, 0.136, 0.379], [0.264, 0.177, 0.426, 0.133], [0.251, 0.16, 0.411, 0.178], [0.44, 0.054, 0.416, 0.09], [0.079, 0.741, 0.153, 0.027], [0.576, 0.225, 0.037, 0.162], [0.269, 0.075, 0.137, 0.519], [0.168, 0.078, 0.664, 0.09]], "SRF": [[0.258, 0.127, 0.089, 0.527], [0.124, 0.132, 0.324, 0.419], [0.261, 0.215, 0.293, 0.231], [0.016, 0.968, 0.008, 0.008], [0.0, 0.93, 0.0, 0.069], [0.532, 0.061, 0.016, 0.39], [0.251, 0.021, 0.017, 0.71], [0.817, 0.009, 0.033, 0.141], [0.131, 0.028, 0.004, 0.837], [0.678, 0.016, 0.017, 0.29], [0.353, 0.012, 0.061, 0.574], [0.093, 0.0, 0.906, 0.001], [0.032, 0.006, 0.951, 0.011], [0.229, 0.294, 0.215, 0.262], [0.419, 0.357, 0.109, 0.115], [0.558, 0.077, 0.146, 0.219]], "SPIB": [[0.593, 0.068, 0.192, 0.148], [0.602, 0.058, 0.23, 0.11], [0.561, 0.029, 0.184, 0.227], [0.182, 0.093, 0.697, 0.028], [0.606, 0.102, 0.277, 0.015], [0.088, 0.0, 0.904, 0.007], [0.0, 0.004, 0.996, 0.0], [0.991, 0.005, 0.001, 0.003], [0.985, 0.0, 0.003, 0.012], [0.052, 0.176, 0.769, 0.003], [0.091, 0.076, 0.03, 0.803], [0.076, 0.157, 0.738, 0.029]], "NKX2-5": [[0.119, 0.154, 0.528, 0.2], [0.172, 0.458, 0.144, 0.226], [0.24, 0.026, 0.498, 0.236], [0.247, 0.425, 0.163, 0.164], [0.311, 0.187, 0.148, 0.353], [0.316, 0.082, 0.427, 0.174], [0.382, 0.249, 0.194, 0.175], [0.147, 0.188, 0.406, 0.26], [0.207, 0.307, 0.207, 0.279], [0.31, 0.176, 0.316, 0.199], [0.221, 0.319, 0.163, 0.296], [0.087, 0.299, 0.176, 0.438], [0.124, 0.206, 0.163, 0.507], [0.205, 0.163, 0.216, 0.416], [0.343, 0.07, 0.583, 0.004], [0.987, 0.003, 0.003, 0.007], [0.058, 0.019, 0.915, 0.007], [0.404, 0.002, 0.021, 0.573], [0.031, 0.002, 0.941, 0.027], [0.055, 0.274, 0.541, 0.129]], "TBX5": [[0.195, 0.312, 0.018, 0.475], [0.364, 0.131, 0.345, 0.16], [0.008, 0.053, 0.099, 0.841], [0.055, 0.745, 0.013, 0.187], [0.615, 0.147, 0.039, 0.2], [0.146, 0.427, 0.277, 0.149], [0.333, 0.2, 0.078, 0.389], [0.302, 0.273, 0.365, 0.059], [0.547, 0.067, 0.144, 0.243], [0.019, 0.929, 0.0, 0.052], [0.816, 0.002, 0.081, 0.102], [0.03, 0.834, 0.118, 0.017], [0.168, 0.457, 0.068, 0.308], [0.172, 0.192, 0.078, 0.558]], "ELK4": [[0.462, 0.116, 0.319, 0.103], [0.008, 0.638, 0.097, 0.257], [0.111, 0.0, 0.003, 0.887], [0.002, 0.0, 0.0, 0.998], [0.006, 0.994, 0.001, 0.0], [0.005, 0.973, 0.0, 0.021], [0.026, 0.021, 0.674, 0.279], [0.053, 0.189, 0.653, 0.104]], "STAT3": [[0.082, 0.065, 0.078, 0.776], [0.081, 0.012, 0.257, 0.649], [0.192, 0.668, 0.07, 0.07], [0.024, 0.748, 0.01, 0.218], [0.313, 0.165, 0.35, 0.172], [0.136, 0.003, 0.856, 0.005], [0.03, 0.016, 0.819, 0.135], [0.961, 0.028, 0.003, 0.008], [0.964, 0.01, 0.022, 0.004]], "NR2F6": [[0.143, 0.125, 0.165, 0.567], [0.12, 0.112, 0.629, 0.139], [0.415, 0.123, 0.394, 0.068], [0.484, 0.282, 0.129, 0.105], [0.025, 0.949, 0.023, 0.003], [0.015, 0.262, 0.028, 0.695], [0.034, 0.196, 0.034, 0.736], [0.007, 0.091, 0.001, 0.901], [0.031, 0.012, 0.927, 0.03], [0.44, 0.167, 0.271, 0.122], [0.354, 0.392, 0.054, 0.199], [0.05, 0.839, 0.046, 0.064], [0.122, 0.363, 0.022, 0.493]], "FOXK2": [[0.028, 0.014, 0.014, 0.944], [0.158, 0.004, 0.838, 0.0], [0.003, 0.017, 0.017, 0.963], [0.015, 0.0, 0.082, 0.903], [0.002, 0.0, 0.126, 0.873], [0.969, 0.007, 0.0, 0.023], [0.0, 0.734, 0.016, 0.25]], "ZNF24": [[0.161, 0.533, 0.111, 0.195], [0.415, 0.227, 0.193, 0.165], [0.117, 0.311, 0.111, 0.461], [0.172, 0.106, 0.163, 0.56], [0.259, 0.569, 0.125, 0.047], [0.527, 0.239, 0.131, 0.103], [0.208, 0.089, 0.139, 0.564], [0.056, 0.06, 0.085, 0.8], [0.005, 0.968, 0.023, 0.004], [0.878, 0.059, 0.037, 0.026], [0.007, 0.149, 0.154, 0.69], [0.059, 0.047, 0.082, 0.811], [0.157, 0.656, 0.024, 0.163], [0.572, 0.178, 0.178, 0.071], [0.026, 0.091, 0.031, 0.851], [0.036, 0.019, 0.044, 0.9], [0.005, 0.984, 0.004, 0.007], [0.568, 0.182, 0.149, 0.101]], "CEBPB": [[0.617, 0.049, 0.195, 0.139], [0.0, 0.0, 0.0, 1.0], [0.001, 0.0, 0.044, 0.955], [0.332, 0.0, 0.286, 0.381], [0.0, 0.998, 0.0, 0.002], [0.65, 0.123, 0.001, 0.225], [0.164, 0.363, 0.008, 0.466], [0.716, 0.276, 0.0, 0.008], [0.986, 0.001, 0.003, 0.01], [0.021, 0.302, 0.136, 0.541]], "MAX": [[0.0, 1.0, 0.0, 0.0], [0.96, 0.001, 0.018, 0.02], [0.0, 0.481, 0.004, 0.515], [0.031, 0.01, 0.96, 0.0], [0.052, 0.154, 0.0, 0.795], [0.0, 0.005, 0.92, 0.075]], "PPARG": [[0.098, 0.123, 0.08, 0.699], [0.197, 0.143, 0.541, 0.119], [0.57, 0.252, 0.129, 0.05], [0.189, 0.72, 0.014, 0.077], [0.05, 0.822, 0.007, 0.121], [0.011, 0.161, 0.011, 0.816], [0.075, 0.224, 0.037, 0.664], [0.025, 0.061, 0.022, 0.893], [0.132, 0.201, 0.536, 0.13], [0.336, 0.316, 0.188, 0.159], [0.065, 0.74, 0.043, 0.152], [0.151, 0.727, 0.016, 0.107], [0.063, 0.445, 0.046, 0.446], [0.591, 0.145, 0.15, 0.114], [0.214, 0.319, 0.335, 0.133], [0.333, 0.09, 0.033, 0.544], [0.196, 0.103, 0.152, 0.549]], "NFIA": [[0.057, 0.392, 0.103, 0.449], [0.012, 0.19, 0.121, 0.677], [0.045, 0.0, 0.847, 0.109], [0.032, 0.063, 0.896, 0.009], [0.286, 0.595, 0.041, 0.078], [0.331, 0.204, 0.131, 0.334], [0.206, 0.411, 0.171, 0.211], [0.23, 0.209, 0.328, 0.234], [0.187, 0.378, 0.239, 0.196], [0.25, 0.105, 0.231, 0.413], [0.042, 0.029, 0.746, 0.183], [0.002, 0.93, 0.032, 0.035], [0.0, 0.84, 0.0, 0.16], [0.721, 0.027, 0.239, 0.013], [0.37, 0.127, 0.454, 0.048]], "EPAS1": [[0.746, 0.021, 0.218, 0.015], [0.002, 0.906, 0.001, 0.091], [0.091, 0.0, 0.888, 0.021], [0.004, 0.0, 0.004, 0.992], [0.0, 0.0, 0.993, 0.007]], "JUNB": [[0.443, 0.231, 0.271, 0.055], [0.0, 0.004, 0.001, 0.995], [0.0, 0.0, 0.86, 0.14], [0.991, 0.002, 0.0, 0.007], [0.125, 0.375, 0.452, 0.047], [0.0, 0.0, 0.0, 1.0], [0.029, 0.971, 0.0, 0.0], [0.992, 0.0, 0.008, 0.0], [0.05, 0.31, 0.202, 0.438]], "PBX1": [[0.184, 0.032, 0.058, 0.727], [0.002, 0.137, 0.86, 0.001], [0.712, 0.16, 0.01, 0.118], [0.071, 0.195, 0.361, 0.373], [0.024, 0.001, 0.005, 0.971], [0.016, 0.198, 0.783, 0.003], [0.709, 0.001, 0.238, 0.053], [0.008, 0.717, 0.053, 0.222], [0.477, 0.004, 0.204, 0.315], [0.127, 0.076, 0.584, 0.213]], "KLF13": [[0.098, 0.119, 0.721, 0.062], [0.134, 0.693, 0.089, 0.084], [0.11, 0.699, 0.064, 0.127], [0.423, 0.562, 0.013, 0.001], [0.002, 0.99, 0.0, 0.009], [0.111, 0.0, 0.825, 0.065], [0.0, 0.997, 0.0, 0.003], [0.001, 0.98, 0.017, 0.003], [0.049, 0.912, 0.001, 0.038], [0.286, 0.555, 0.001, 0.158], [0.027, 0.693, 0.071, 0.209]], "ZNF652": [[0.015, 0.024, 0.065, 0.896], [0.006, 0.013, 0.023, 0.958], [0.837, 0.019, 0.085, 0.058], [0.949, 0.015, 0.022, 0.014], [0.01, 0.98, 0.006, 0.004], [0.034, 0.644, 0.031, 0.291], [0.122, 0.712, 0.084, 0.082], [0.095, 0.196, 0.063, 0.646], [0.097, 0.111, 0.123, 0.669], [0.14, 0.164, 0.181, 0.515], [0.282, 0.383, 0.229, 0.106], [0.286, 0.282, 0.189, 0.242], [0.224, 0.185, 0.233, 0.357], [0.162, 0.225, 0.304, 0.309], [0.218, 0.254, 0.289, 0.239], [0.176, 0.539, 0.115, 0.17]], "NKX2-1": [[0.215, 0.012, 0.773, 0.001], [1.0, 0.0, 0.0, 0.0], [0.0, 0.002, 0.955, 0.042], [0.349, 0.001, 0.0, 0.651], [0.0, 0.0, 0.993, 0.007], [0.004, 0.004, 0.713, 0.279]], "BACH1": [[0.015, 0.025, 0.121, 0.839], [0.081, 0.013, 0.827, 0.079], [0.72, 0.246, 0.006, 0.027], [0.196, 0.002, 0.749, 0.054], [0.005, 0.0, 0.008, 0.988], [0.039, 0.907, 0.0, 0.054], [0.915, 0.0, 0.056, 0.029], [0.036, 0.263, 0.323, 0.377]], "HOXA9": [[0.209, 0.012, 0.025, 0.754], [0.115, 0.014, 0.802, 0.068], [0.974, 0.006, 0.009, 0.011], [0.028, 0.008, 0.028, 0.935], [0.085, 0.008, 0.049, 0.858], [0.077, 0.072, 0.162, 0.689], [0.978, 0.001, 0.02, 0.002], [0.027, 0.152, 0.042, 0.779], [0.224, 0.044, 0.465, 0.267], [0.268, 0.062, 0.458, 0.211]], "TEAD1": [[0.255, 0.071, 0.053, 0.621], [0.006, 0.0, 0.987, 0.007], [0.006, 0.018, 0.976, 0.0], [0.816, 0.052, 0.0, 0.131], [0.998, 0.0, 0.0, 0.002], [0.0, 0.009, 0.0, 0.991], [0.0, 0.073, 0.61, 0.317], [0.043, 0.353, 0.03, 0.573]], "ATOH8": [[0.462, 0.401, 0.137, 0.0], [0.004, 0.996, 0.0, 0.0], [0.999, 0.0, 0.0, 0.001], [0.0, 0.109, 0.729, 0.162], [0.063, 0.917, 0.018, 0.003], [0.0, 0.01, 0.001, 0.988], [0.0, 0.006, 0.994, 0.0], [0.045, 0.346, 0.236, 0.372], [0.096, 0.12, 0.199, 0.585], [0.104, 0.208, 0.396, 0.293], [0.22, 0.424, 0.152, 0.204], [0.092, 0.366, 0.43, 0.111]], "NR2C1": [[0.366, 0.124, 0.48, 0.03], [0.608, 0.002, 0.39, 0.0], [0.0, 0.001, 0.999, 0.0], [0.0, 0.0, 0.995, 0.005], [0.0, 0.0, 0.0, 1.0], [0.0, 0.984, 0.0, 0.016], [0.974, 0.0, 0.026, 0.0]], "E2F7": [[0.176, 0.098, 0.214, 0.511], [0.06, 0.345, 0.595, 0.0], [0.041, 0.047, 0.9, 0.013], [0.058, 0.932, 0.0, 0.01], [0.014, 0.034, 0.927, 0.025], [0.08, 0.208, 0.703, 0.008], [0.023, 0.102, 0.866, 0.009], [0.941, 0.008, 0.009, 0.041], [0.642, 0.075, 0.215, 0.069]], "SOX2": [[0.98, 0.001, 0.0, 0.019], [0.0, 0.919, 0.024, 0.057], [0.999, 0.0, 0.0, 0.001], [1.0, 0.0, 0.0, 0.0], [0.57, 0.003, 0.001, 0.426], [0.068, 0.008, 0.924, 0.001], [0.332, 0.201, 0.418, 0.048]], "CTCFL": [[0.071, 0.788, 0.103, 0.039], [0.032, 0.915, 0.039, 0.014], [0.452, 0.093, 0.31, 0.145], [0.065, 0.547, 0.37, 0.019], [0.143, 0.457, 0.111, 0.289], [0.723, 0.111, 0.105, 0.061], [0.005, 0.019, 0.972, 0.003], [0.243, 0.025, 0.722, 0.011], [0.056, 0.135, 0.594, 0.215], [0.006, 0.025, 0.958, 0.012], [0.013, 0.043, 0.903, 0.041], [0.106, 0.846, 0.011, 0.038], [0.223, 0.046, 0.692, 0.039], [0.065, 0.607, 0.244, 0.085]], "PKNOX1": [[0.159, 0.576, 0.136, 0.129], [0.176, 0.241, 0.031, 0.552], [0.293, 0.011, 0.682, 0.014], [0.0, 0.223, 0.005, 0.772], [0.114, 0.806, 0.041, 0.039], [0.773, 0.099, 0.007, 0.121], [0.528, 0.213, 0.215, 0.044], [0.004, 0.004, 0.0, 0.992], [0.003, 0.982, 0.0, 0.015], [0.836, 0.027, 0.01, 0.128]], "NFKB1": [[0.044, 0.011, 0.936, 0.009], [0.0, 0.0, 1.0, 0.0], [0.0, 0.0, 0.978, 0.022], [0.402, 0.0, 0.572, 0.026], [0.7, 0.088, 0.154, 0.057], [0.559, 0.038, 0.056, 0.347], [0.18, 0.153, 0.132, 0.535], [0.08, 0.436, 0.029, 0.454], [0.105, 0.825, 0.001, 0.069], [0.013, 0.968, 0.001, 0.018], [0.103, 0.801, 0.024, 0.072]], "ISL1": [[0.0, 0.828, 0.017, 0.156], [0.474, 0.403, 0.003, 0.121], [0.984, 0.014, 0.002, 0.0], [0.0, 0.0, 0.0, 1.0], [0.0, 0.0, 0.0, 0.999], [0.976, 0.0, 0.0, 0.024]], "HLF": [[0.295, 0.158, 0.526, 0.021], [0.0, 0.001, 0.0, 0.999], [0.0, 0.0, 0.002, 0.998], [0.585, 0.003, 0.409, 0.003], [0.004, 0.531, 0.009, 0.456], [0.607, 0.013, 0.38, 0.0], [0.003, 0.243, 0.002, 0.752], [0.92, 0.079, 0.001, 0.0], [1.0, 0.0, 0.0, 0.0], [0.027, 0.508, 0.167, 0.298]], "ATF4": [[0.606, 0.118, 0.244, 0.032], [0.0, 0.001, 0.0, 0.999], [0.0, 0.0, 0.056, 0.944], [0.219, 0.002, 0.558, 0.221], [0.007, 0.992, 0.0, 0.0], [0.928, 0.017, 0.053, 0.002], [0.01, 0.017, 0.011, 0.962], [0.043, 0.948, 0.009, 0.001], [0.985, 0.0, 0.014, 0.001], [0.01, 0.195, 0.209, 0.586]], "RARG": [[0.58, 0.02, 0.397, 0.003], [0.019, 0.0, 0.851, 0.129], [0.033, 0.0, 0.923, 0.044], [0.007, 0.021, 0.09, 0.881], [0.0, 0.9, 0.072, 0.028], [0.94, 0.002, 0.046, 0.012], [0.128, 0.392, 0.32, 0.16], [0.257, 0.315, 0.258, 0.17], [0.171, 0.242, 0.426, 0.161], [0.127, 0.203, 0.102, 0.568], [0.2, 0.064, 0.69, 0.046], [0.466, 0.234, 0.18, 0.119], [0.049, 0.705, 0.118, 0.127], [0.157, 0.631, 0.093, 0.12]], "WT1": [[0.16, 0.355, 0.072, 0.413], [0.364, 0.614, 0.016, 0.006], [0.001, 0.998, 0.0, 0.001], [0.0, 0.001, 0.056, 0.943], [0.0, 0.995, 0.002, 0.003], [0.0, 0.998, 0.0, 0.002], [0.001, 0.938, 0.0, 0.061], [0.201, 0.286, 0.053, 0.46]], "RUNX3": [[0.045, 0.073, 0.01, 0.872], [0.0, 0.001, 0.999, 0.0], [0.041, 0.124, 0.003, 0.832], [0.0, 0.0, 1.0, 0.0], [0.0, 0.0, 1.0, 0.0], [0.0, 0.116, 0.112, 0.772], [0.082, 0.235, 0.109, 0.574], [0.335, 0.068, 0.173, 0.425]], "SP3": [[0.267, 0.147, 0.511, 0.075], [0.121, 0.024, 0.631, 0.225], [0.241, 0.0, 0.759, 0.001], [0.002, 0.0, 0.997, 0.001], [0.001, 0.002, 0.996, 0.001], [0.183, 0.69, 0.0, 0.127], [0.02, 0.004, 0.968, 0.008], [0.008, 0.002, 0.867, 0.123], [0.267, 0.027, 0.651, 0.056], [0.076, 0.057, 0.836, 0.031], [0.106, 0.81, 0.003, 0.08]], "HSF2": [[0.238, 0.574, 0.134, 0.054], [0.083, 0.261, 0.14, 0.516], [0.555, 0.025, 0.417, 0.003], [0.0, 0.0, 1.0, 0.0], [0.992, 0.002, 0.0, 0.007], [0.922, 0.013, 0.019, 0.046], [0.207, 0.292, 0.292, 0.209], [0.251, 0.25, 0.325, 0.174], [0.049, 0.035, 0.022, 0.894], [0.007, 0.002, 0.029, 0.963], [0.0, 1.0, 0.0, 0.0], [0.0, 0.292, 0.008, 0.7], [0.654, 0.022, 0.32, 0.003], [0.0, 0.0, 0.997, 0.003], [0.933, 0.013, 0.025, 0.029], [0.83, 0.044, 0.091, 0.034], [0.292, 0.28, 0.297, 0.13], [0.261, 0.22, 0.284, 0.235], [0.196, 0.207, 0.158, 0.439], [0.146, 0.175, 0.217, 0.463], [0.156, 0.568, 0.199, 0.077]], "SNAI2": [[0.028, 0.971, 0.0, 0.001], [1.0, 0.0, 0.0, 0.0], [0.0, 1.0, 0.0, 0.0], [0.0, 1.0, 0.0, 0.0], [0.0, 0.0, 0.0, 1.0], [0.0, 0.0, 1.0, 0.0], [0.004, 0.501, 0.0, 0.496]], "NR2F2": [[0.0, 0.083, 0.002, 0.915], [0.007, 0.001, 0.991, 0.0], [0.89, 0.076, 0.034, 0.0], [0.003, 0.994, 0.003, 0.0], [0.006, 0.993, 0.0, 0.0], [0.001, 0.334, 0.023, 0.642], [0.063, 0.458, 0.192, 0.288]], "BCL11A": [[0.077, 0.282, 0.094, 0.548], [0.079, 0.745, 0.042, 0.135], [0.84, 0.003, 0.099, 0.057], [0.006, 0.642, 0.214, 0.138], [0.067, 0.001, 0.001, 0.932], [0.004, 0.0, 0.0, 0.996], [0.001, 0.988, 0.001, 0.011], [0.005, 0.85, 0.001, 0.144], [0.009, 0.245, 0.156, 0.589], [0.032, 0.538, 0.211, 0.218], [0.197, 0.196, 0.044, 0.563], [0.171, 0.163, 0.084, 0.582]], "MLX": [[0.172, 0.222, 0.508, 0.099], [0.288, 0.142, 0.4, 0.17], [0.112, 0.342, 0.245, 0.301], [0.027, 0.794, 0.088, 0.09], [0.716, 0.0, 0.269, 0.015], [0.0, 0.924, 0.021, 0.054], [0.198, 0.003, 0.799, 0.0], [0.037, 0.0, 0.048, 0.915], [0.037, 0.064, 0.795, 0.105], [0.34, 0.275, 0.289, 0.096], [0.099, 0.59, 0.186, 0.125]], "ETV7": [[0.227, 0.548, 0.222, 0.003], [0.471, 0.477, 0.047, 0.005], [0.012, 0.002, 0.984, 0.002], [0.041, 0.06, 0.885, 0.013], [0.992, 0.0, 0.002, 0.006], [0.951, 0.021, 0.001, 0.027], [0.265, 0.108, 0.623, 0.004], [0.138, 0.296, 0.091, 0.474]], "FOXO1": [[0.06, 0.015, 0.021, 0.904], [0.115, 0.0, 0.885, 0.0], [0.006, 0.038, 0.001, 0.955], [0.0, 0.0, 0.025, 0.975], [0.0, 0.0, 0.109, 0.891], [0.832, 0.071, 0.062, 0.034], [0.001, 0.662, 0.0, 0.336]], "MEF2B": [[0.029, 0.8, 0.048, 0.123], [0.003, 0.037, 0.064, 0.896], [0.826, 0.029, 0.072, 0.073], [0.193, 0.031, 0.032, 0.744], [0.161, 0.034, 0.053, 0.752], [0.101, 0.062, 0.017, 0.82], [0.268, 0.111, 0.05, 0.572], [0.153, 0.078, 0.1, 0.668], [0.57, 0.026, 0.404, 0.001], [0.133, 0.068, 0.668, 0.131]], "ZNF467": [[0.309, 0.075, 0.489, 0.127], [0.246, 0.099, 0.506, 0.148], [0.218, 0.135, 0.533, 0.114], [0.28, 0.067, 0.577, 0.077], [0.14, 0.073, 0.732, 0.055], [0.124, 0.035, 0.821, 0.019], [0.179, 0.023, 0.778, 0.02], [0.665, 0.034, 0.289, 0.011], [0.244, 0.02, 0.685, 0.051], [0.241, 0.086, 0.654, 0.02], [0.227, 0.076, 0.655, 0.042], [0.147, 0.049, 0.705, 0.098], [0.437, 0.227, 0.26, 0.076], [0.28, 0.243, 0.39, 0.087], [0.35, 0.116, 0.417, 0.117], [0.185, 0.138, 0.595, 0.082], [0.227, 0.093, 0.614, 0.065], [0.395, 0.115, 0.446, 0.044], [0.198, 0.104, 0.625, 0.073], [0.234, 0.057, 0.636, 0.074], [0.245, 0.054, 0.664, 0.038], [0.198, 0.055, 0.707, 0.041], [0.222, 0.061, 0.678, 0.039], [0.324, 0.051, 0.605, 0.02], [0.31, 0.179, 0.464, 0.046], [0.249, 0.117, 0.569, 0.065], [0.17, 0.127, 0.659, 0.045], [0.389, 0.096, 0.425, 0.089], [0.388, 0.098, 0.448, 0.066]], "KLF6": [[0.038, 0.073, 0.889, 0.0], [0.001, 0.062, 0.937, 0.0], [0.0, 0.001, 0.999, 0.0], [0.033, 0.771, 0.0, 0.196], [0.0, 0.0, 0.999, 0.001], [0.045, 0.085, 0.549, 0.321], [0.132, 0.155, 0.617, 0.096], [0.091, 0.143, 0.617, 0.15], [0.112, 0.526, 0.196, 0.166]], "RXRA": [[0.671, 0.023, 0.306, 0.0], [0.005, 0.038, 0.949, 0.008], [0.0, 0.001, 0.814, 0.185], [0.01, 0.024, 0.029, 0.937], [0.002, 0.888, 0.003, 0.107], [0.968, 0.001, 0.031, 0.0]], "TFAP2A": [[0.172, 0.113, 0.593, 0.121], [0.008, 0.612, 0.361, 0.019], [0.0, 1.0, 0.0, 0.0], [0.0, 0.949, 0.0, 0.051], [0.023, 0.281, 0.039, 0.656], [0.082, 0.373, 0.503, 0.043], [0.525, 0.071, 0.387, 0.017], [0.088, 0.0, 0.912, 0.0], [0.0, 0.0, 1.0, 0.0], [0.022, 0.578, 0.383, 0.018]], "FOSL1": [[0.423, 0.146, 0.36, 0.071], [0.007, 0.063, 0.016, 0.915], [0.002, 0.007, 0.942, 0.049], [0.908, 0.074, 0.0, 0.018], [0.064, 0.648, 0.099, 0.188], [0.021, 0.0, 0.212, 0.768], [0.129, 0.847, 0.002, 0.023], [0.796, 0.137, 0.034, 0.032]], "GATA1": [[0.658, 0.028, 0.012, 0.302], [0.0, 0.0, 1.0, 0.0], [1.0, 0.0, 0.0, 0.0], [0.0, 0.0, 0.0, 1.0], [0.949, 0.0, 0.0, 0.051], [0.858, 0.011, 0.093, 0.037], [0.148, 0.195, 0.543, 0.114]], "JUN": [[0.029, 0.054, 0.008, 0.909], [0.017, 0.009, 0.899, 0.076], [0.967, 0.027, 0.0, 0.006], [0.076, 0.515, 0.342, 0.067], [0.082, 0.037, 0.078, 0.802], [0.108, 0.815, 0.058, 0.018], [0.841, 0.022, 0.098, 0.039]], "NFE2L2": [[0.586, 0.114, 0.282, 0.019], [0.008, 0.104, 0.0, 0.888], [0.009, 0.008, 0.954, 0.029], [0.931, 0.027, 0.027, 0.016], [0.036, 0.7, 0.18, 0.084], [0.165, 0.077, 0.084, 0.675], [0.164, 0.612, 0.115, 0.11], [0.619, 0.054, 0.156, 0.17], [0.071, 0.0, 0.883, 0.045], [0.001, 0.957, 0.013, 0.029], [0.697, 0.014, 0.167, 0.122]], "FOXJ2": [[0.0, 0.001, 0.013, 0.986], [0.047, 0.0, 0.953, 0.0], [0.003, 0.004, 0.0, 0.993], [0.005, 0.0, 0.03, 0.965], [0.0, 0.0, 0.123, 0.877], [0.734, 0.068, 0.133, 0.065], [0.001, 0.542, 0.029, 0.427]], "TFE3": [[0.255, 0.14, 0.528, 0.077], [0.096, 0.237, 0.126, 0.541], [0.005, 0.986, 0.007, 0.002], [0.811, 0.073, 0.075, 0.042], [0.0, 0.737, 0.05, 0.213], [0.234, 0.027, 0.733, 0.006], [0.147, 0.131, 0.05, 0.672], [0.012, 0.0, 0.962, 0.026]], "ZNF740": [[0.145, 0.142, 0.555, 0.158], [0.118, 0.15, 0.587, 0.146], [0.121, 0.114, 0.615, 0.15], [0.091, 0.059, 0.607, 0.243], [0.073, 0.029, 0.533, 0.365], [0.0, 0.0, 0.999, 0.001], [0.0, 0.0, 1.0, 0.0], [0.001, 0.0, 0.999, 0.0], [0.0, 0.0, 1.0, 0.0], [0.0, 0.0, 1.0, 0.0], [0.115, 0.0, 0.658, 0.227], [0.002, 0.0, 0.989, 0.009], [0.151, 0.491, 0.096, 0.262], [0.257, 0.177, 0.415, 0.152], [0.143, 0.178, 0.538, 0.142]], "ELF4": [[0.567, 0.073, 0.237, 0.124], [0.0, 0.83, 0.059, 0.11], [0.007, 0.0, 0.0, 0.993], [0.002, 0.001, 0.001, 0.997], [0.0, 1.0, 0.0, 0.0], [0.0, 1.0, 0.0, 0.0], [0.001, 0.028, 0.459, 0.512], [0.032, 0.206, 0.674, 0.088]], "ZNF257": [[0.043, 0.06, 0.815, 0.083], [0.71, 0.094, 0.015, 0.18], [0.017, 0.0, 0.982, 0.0], [0.0, 0.0, 0.999, 0.001], [0.201, 0.716, 0.001, 0.083], [0.72, 0.0, 0.279, 0.0], [1.0, 0.0, 0.0, 0.0], [0.001, 0.003, 0.93, 0.066], [0.413, 0.162, 0.409, 0.016], [0.189, 0.126, 0.417, 0.267], [0.153, 0.598, 0.137, 0.113]], "PAX3": [[0.368, 0.042, 0.192, 0.398], [0.795, 0.096, 0.084, 0.025], [0.982, 0.001, 0.002, 0.015], [0.069, 0.082, 0.058, 0.791], [0.009, 0.476, 0.184, 0.332], [0.465, 0.156, 0.375, 0.003], [0.86, 0.0, 0.076, 0.064], [0.009, 0.014, 0.008, 0.969], [0.014, 0.114, 0.122, 0.749]], "EGR1": [[0.16, 0.083, 0.737, 0.02], [0.179, 0.485, 0.113, 0.223], [0.007, 0.0, 0.993, 0.0], [0.012, 0.028, 0.422, 0.538], [0.087, 0.019, 0.888, 0.006], [0.005, 0.002, 0.982, 0.011], [0.008, 0.0, 0.989, 0.003], [0.239, 0.48, 0.002, 0.278], [0.051, 0.019, 0.895, 0.035], [0.064, 0.052, 0.694, 0.189]], "NFYB": [[0.321, 0.231, 0.416, 0.032], [0.563, 0.035, 0.337, 0.065], [0.0, 1.0, 0.0, 0.0], [0.0, 0.998, 0.002, 0.0], [0.984, 0.0, 0.0, 0.016], [0.995, 0.001, 0.003, 0.001], [0.0, 0.013, 0.0, 0.987], [0.059, 0.746, 0.173, 0.022], [0.737, 0.046, 0.212, 0.005], [0.098, 0.136, 0.725, 0.04], [0.303, 0.454, 0.137, 0.106], [0.42, 0.063, 0.342, 0.176], [0.114, 0.428, 0.304, 0.154], [0.114, 0.265, 0.265, 0.356], [0.192, 0.49, 0.184, 0.134], [0.177, 0.159, 0.2, 0.464], [0.109, 0.21, 0.573, 0.108]], "ZEB1": [[0.046, 0.473, 0.011, 0.47], [0.806, 0.003, 0.001, 0.19], [0.003, 0.955, 0.001, 0.042], [0.008, 0.97, 0.007, 0.016], [0.011, 0.0, 0.0, 0.989], [0.081, 0.018, 0.808, 0.093], [0.06, 0.16, 0.332, 0.448]], "RFX2": [[0.141, 0.001, 0.85, 0.008], [0.028, 0.094, 0.1, 0.778], [0.125, 0.246, 0.022, 0.607], [0.182, 0.03, 0.573, 0.215], [0.023, 0.835, 0.051, 0.091], [0.0, 0.736, 0.04, 0.224], [0.621, 0.138, 0.102, 0.139], [0.235, 0.054, 0.244, 0.467], [0.061, 0.08, 0.858, 0.001], [0.133, 0.068, 0.757, 0.043], [0.239, 0.375, 0.244, 0.142], [0.558, 0.081, 0.271, 0.09], [0.595, 0.18, 0.074, 0.151], [0.177, 0.546, 0.023, 0.254]], "THAP11": [[0.037, 0.215, 0.39, 0.358], [0.099, 0.733, 0.093, 0.075], [0.008, 0.191, 0.008, 0.793], [0.009, 0.01, 0.959, 0.022], [0.006, 0.005, 0.977, 0.011], [0.036, 0.002, 0.946, 0.016], [0.834, 0.037, 0.075, 0.054], [0.472, 0.136, 0.319, 0.074], [0.366, 0.095, 0.096, 0.443], [0.011, 0.094, 0.026, 0.869], [0.009, 0.002, 0.988, 0.002], [0.025, 0.043, 0.043, 0.889], [0.935, 0.001, 0.058, 0.006], [0.004, 0.002, 0.993, 0.001], [0.0, 0.008, 0.01, 0.982], [0.029, 0.504, 0.026, 0.442], [0.032, 0.574, 0.022, 0.371]], "NR4A1": [[0.01, 0.055, 0.001, 0.934], [0.084, 0.0, 0.916, 0.0], [0.793, 0.104, 0.101, 0.003], [0.033, 0.954, 0.0, 0.013], [0.289, 0.699, 0.0, 0.012], [0.0, 0.0, 0.0, 0.999], [0.015, 0.0, 0.0, 0.985], [0.058, 0.082, 0.0, 0.86]], "TFDP1": [[0.104, 0.143, 0.219, 0.533], [0.004, 0.751, 0.244, 0.0], [0.0, 0.672, 0.327, 0.0], [0.001, 0.998, 0.0, 0.001], [0.001, 0.0, 0.976, 0.023], [0.0, 0.999, 0.001, 0.0], [0.0, 0.633, 0.267, 0.1]], "MYOG": [[0.481, 0.177, 0.32, 0.022], [0.596, 0.082, 0.272, 0.05], [0.035, 0.932, 0.017, 0.017], [0.953, 0.009, 0.029, 0.008], [0.046, 0.019, 0.883, 0.052], [0.047, 0.832, 0.109, 0.012], [0.012, 0.011, 0.004, 0.973], [0.001, 0.003, 0.98, 0.017]], "HOXA13": [[0.066, 0.093, 0.219, 0.622], [0.003, 0.119, 0.037, 0.84], [0.028, 0.059, 0.003, 0.911], [0.04, 0.077, 0.01, 0.873], [0.856, 0.099, 0.045, 0.0], [0.002, 0.065, 0.057, 0.875], [0.256, 0.158, 0.252, 0.335], [0.245, 0.01, 0.718, 0.027], [0.055, 0.423, 0.396, 0.126]], "PAX7": [[0.489, 0.059, 0.131, 0.321], [0.853, 0.061, 0.07, 0.016], [0.983, 0.0, 0.0, 0.017], [0.059, 0.04, 0.002, 0.9], [0.009, 0.499, 0.24, 0.251], [0.387, 0.237, 0.366, 0.01], [0.907, 0.001, 0.071, 0.022], [0.103, 0.005, 0.009, 0.883], [0.001, 0.057, 0.119, 0.823]], "SCRT1": [[0.189, 0.566, 0.108, 0.136], [0.948, 0.001, 0.045, 0.006], [0.023, 0.958, 0.002, 0.017], [0.012, 0.779, 0.004, 0.205], [0.015, 0.0, 0.001, 0.984], [0.0, 0.0, 1.0, 0.0], [0.012, 0.031, 0.0, 0.957], [0.085, 0.035, 0.186, 0.693], [0.047, 0.01, 0.932, 0.012], [0.372, 0.431, 0.121, 0.076]], "HAND2": [[0.302, 0.43, 0.218, 0.051], [0.028, 0.961, 0.01, 0.001], [0.972, 0.0, 0.025, 0.003], [0.0, 0.009, 0.296, 0.695], [0.149, 0.743, 0.106, 0.002], [0.0, 0.001, 0.0, 0.999], [0.0, 0.0, 0.999, 0.0], [0.005, 0.204, 0.496, 0.295]], "ZNF554": [[0.214, 0.094, 0.575, 0.117], [0.175, 0.669, 0.104, 0.052], [0.221, 0.081, 0.051, 0.647], [0.011, 0.028, 0.927, 0.033], [0.784, 0.01, 0.191, 0.015], [0.055, 0.104, 0.835, 0.006], [0.003, 0.374, 0.006, 0.617], [0.007, 0.987, 0.002, 0.004], [0.82, 0.034, 0.112, 0.033]], "SOX10": [[0.839, 0.083, 0.058, 0.02], [0.786, 0.034, 0.061, 0.119], [0.467, 0.038, 0.188, 0.307], [0.263, 0.048, 0.568, 0.12], [0.251, 0.281, 0.379, 0.088], [0.25, 0.231, 0.28, 0.239], [0.151, 0.308, 0.244, 0.298], [0.051, 0.41, 0.239, 0.3], [0.052, 0.699, 0.056, 0.193], [0.426, 0.077, 0.009, 0.488], [0.006, 0.076, 0.01, 0.908], [0.0, 0.0, 0.0, 1.0], [0.043, 0.009, 0.949, 0.0], [0.002, 0.0, 0.0, 0.998], [0.123, 0.157, 0.192, 0.528], [0.108, 0.394, 0.064, 0.434]], "NR5A2": [[0.056, 0.173, 0.041, 0.729], [0.131, 0.034, 0.824, 0.011], [0.33, 0.08, 0.387, 0.202], [0.013, 0.981, 0.0, 0.005], [0.026, 0.972, 0.0, 0.002], [0.04, 0.092, 0.004, 0.864], [0.004, 0.034, 0.0, 0.962], [0.0, 0.114, 0.886, 0.0], [0.627, 0.054, 0.229, 0.09]], "ETV6": [[0.551, 0.119, 0.232, 0.098], [0.142, 0.469, 0.363, 0.026], [0.664, 0.245, 0.089, 0.002], [0.028, 0.001, 0.971, 0.0], [0.018, 0.0, 0.98, 0.002], [0.994, 0.003, 0.001, 0.002], [0.954, 0.0, 0.001, 0.045], [0.274, 0.031, 0.694, 0.001], [0.067, 0.229, 0.054, 0.651]], "ZFP64": [[0.265, 0.004, 0.683, 0.048], [0.018, 0.976, 0.001, 0.005], [0.007, 0.989, 0.0, 0.004], [0.034, 0.946, 0.0, 0.019], [0.13, 0.201, 0.438, 0.231], [0.051, 0.0, 0.925, 0.024], [0.047, 0.049, 0.837, 0.067], [0.524, 0.198, 0.22, 0.058], [0.391, 0.378, 0.201, 0.03], [0.14, 0.394, 0.104, 0.362], [0.188, 0.45, 0.233, 0.129], [0.233, 0.192, 0.272, 0.303], [0.078, 0.16, 0.691, 0.071]], "TP73": [[0.265, 0.047, 0.534, 0.155], [0.428, 0.018, 0.506, 0.048], [0.017, 0.98, 0.002, 0.001], [0.78, 0.012, 0.115, 0.093], [0.293, 0.039, 0.094, 0.574], [0.0, 0.0, 0.97, 0.03], [0.084, 0.374, 0.0, 0.541], [0.098, 0.477, 0.075, 0.351], [0.139, 0.332, 0.202, 0.327], [0.302, 0.173, 0.391, 0.134], [0.303, 0.121, 0.437, 0.138], [0.498, 0.039, 0.356, 0.107], [0.039, 0.947, 0.0, 0.014], [0.623, 0.073, 0.048, 0.256], [0.16, 0.132, 0.094, 0.615], [0.064, 0.036, 0.849, 0.051], [0.134, 0.432, 0.07, 0.364], [0.199, 0.491, 0.085, 0.226]], "THRA": [[0.031, 0.06, 0.01, 0.899], [0.053, 0.065, 0.875, 0.007], [0.473, 0.033, 0.077, 0.417], [0.017, 0.981, 0.0, 0.002], [0.002, 0.998, 0.0, 0.0], [0.002, 0.18, 0.002, 0.816], [0.041, 0.631, 0.132, 0.196], [0.772, 0.021, 0.194, 0.014], [0.225, 0.204, 0.321, 0.25], [0.346, 0.144, 0.297, 0.213], [0.033, 0.058, 0.017, 0.892], [0.173, 0.072, 0.731, 0.024], [0.832, 0.065, 0.091, 0.012], [0.093, 0.882, 0.0, 0.026], [0.012, 0.959, 0.0, 0.029]], "ZNF140": [[0.198, 0.103, 0.54, 0.159], [0.193, 0.177, 0.26, 0.37], [0.406, 0.152, 0.29, 0.152], [0.225, 0.183, 0.24, 0.352], [0.448, 0.193, 0.183, 0.176], [0.179, 0.174, 0.168, 0.479], [0.443, 0.135, 0.265, 0.156], [0.197, 0.387, 0.229, 0.186], [0.245, 0.393, 0.206, 0.155], [0.241, 0.139, 0.214, 0.406], [0.487, 0.09, 0.215, 0.207], [0.131, 0.018, 0.669, 0.183], [0.139, 0.0, 0.859, 0.002], [0.795, 0.012, 0.191, 0.002], [0.039, 0.115, 0.824, 0.022], [0.028, 0.487, 0.03, 0.455], [0.214, 0.002, 0.698, 0.086], [0.007, 0.0, 0.902, 0.091], [0.997, 0.0, 0.0, 0.002], [0.953, 0.004, 0.041, 0.002], [0.004, 0.066, 0.039, 0.89], [0.09, 0.041, 0.055, 0.814], [0.032, 0.006, 0.95, 0.012], [0.047, 0.749, 0.04, 0.164], [0.211, 0.129, 0.062, 0.598], [0.215, 0.146, 0.529, 0.11]], "ZNF549": [[0.077, 0.16, 0.127, 0.637], [0.073, 0.632, 0.038, 0.257], [0.918, 0.027, 0.032, 0.023], [0.108, 0.045, 0.359, 0.487], [0.115, 0.228, 0.447, 0.21], [0.446, 0.177, 0.224, 0.152], [0.626, 0.022, 0.23, 0.122], [0.09, 0.482, 0.054, 0.374], [0.329, 0.223, 0.039, 0.409], [0.186, 0.006, 0.751, 0.057], [0.024, 0.058, 0.881, 0.037], [0.136, 0.114, 0.733, 0.017], [0.067, 0.883, 0.014, 0.036], [0.788, 0.052, 0.088, 0.072], [0.034, 0.019, 0.927, 0.02], [0.05, 0.821, 0.069, 0.061]], "MEF2C": [[0.049, 0.721, 0.041, 0.189], [0.001, 0.01, 0.0, 0.989], [0.973, 0.0, 0.004, 0.022], [0.165, 0.0, 0.0, 0.835], [0.214, 0.009, 0.002, 0.774], [0.16, 0.04, 0.003, 0.798], [0.284, 0.084, 0.013, 0.619], [0.146, 0.033, 0.07, 0.751], [0.66, 0.0, 0.337, 0.003], [0.144, 0.054, 0.649, 0.152]], "GFI1": [[0.593, 0.23, 0.087, 0.09], [0.991, 0.0, 0.0, 0.008], [0.999, 0.0, 0.0, 0.0], [0.002, 0.141, 0.0, 0.857], [0.0, 0.996, 0.0, 0.004], [0.562, 0.0, 0.004, 0.434], [0.081, 0.648, 0.268, 0.002], [0.581, 0.006, 0.095, 0.318], [0.086, 0.03, 0.792, 0.092]], "ZNF768": [[0.069, 0.697, 0.144, 0.09], [0.049, 0.181, 0.074, 0.696], [0.057, 0.098, 0.653, 0.192], [0.061, 0.085, 0.183, 0.671], [0.054, 0.06, 0.69, 0.196], [0.061, 0.107, 0.184, 0.648], [0.13, 0.083, 0.609, 0.178], [0.539, 0.088, 0.232, 0.141], [0.133, 0.595, 0.09, 0.182], [0.105, 0.58, 0.073, 0.242], [0.088, 0.222, 0.086, 0.604], [0.087, 0.179, 0.104, 0.63], [0.214, 0.113, 0.504, 0.17], [0.206, 0.09, 0.608, 0.096], [0.206, 0.098, 0.599, 0.097], [0.124, 0.54, 0.151, 0.185], [0.624, 0.132, 0.124, 0.119], [0.637, 0.089, 0.165, 0.11], [0.221, 0.105, 0.577, 0.097], [0.095, 0.138, 0.109, 0.658], [0.11, 0.28, 0.145, 0.466], [0.509, 0.141, 0.205, 0.144], [0.121, 0.693, 0.08, 0.105], [0.088, 0.147, 0.084, 0.681], [0.087, 0.205, 0.1, 0.608], [0.575, 0.11, 0.192, 0.123], [0.606, 0.219, 0.148, 0.027], [0.059, 0.828, 0.035, 0.079], [0.046, 0.687, 0.119, 0.148], [0.031, 0.023, 0.019, 0.928], [0.008, 0.896, 0.015, 0.081], [0.004, 0.014, 0.028, 0.953], [0.0, 0.999, 0.001, 0.0], [0.006, 0.002, 0.002, 0.99], [0.004, 0.003, 0.991, 0.002], [0.395, 0.008, 0.206, 0.391], [0.1, 0.019, 0.613, 0.269], [0.022, 0.741, 0.033, 0.205], [0.093, 0.557, 0.029, 0.32], [0.097, 0.172, 0.082, 0.65], [0.116, 0.493, 0.126, 0.265], [0.428, 0.15, 0.171, 0.251], [0.193, 0.159, 0.411, 0.237], [0.122, 0.186, 0.113, 0.578], [0.108, 0.202, 0.128, 0.562], [0.123, 0.211, 0.12, 0.546], [0.126, 0.437, 0.112, 0.325], [0.148, 0.444, 0.103, 0.306], [0.185, 0.224, 0.105, 0.486], [0.181, 0.408, 0.126, 0.285], [0.402, 0.216, 0.133, 0.249], [0.169, 0.204, 0.146, 0.481], [0.173, 0.379, 0.164, 0.284], [0.193, 0.156, 0.173, 0.478], [0.28, 0.136, 0.352, 0.232], [0.275, 0.166, 0.164, 0.394], [0.499, 0.133, 0.176, 0.191], [0.526, 0.133, 0.159, 0.183]], "ZNF350": [[0.087, 0.21, 0.126, 0.576], [0.295, 0.09, 0.254, 0.361], [0.256, 0.126, 0.578, 0.04], [0.176, 0.095, 0.639, 0.089], [0.085, 0.118, 0.208, 0.589], [0.19, 0.5, 0.029, 0.281], [0.729, 0.11, 0.054, 0.108], [0.149, 0.114, 0.048, 0.689], [0.912, 0.048, 0.006, 0.034], [0.927, 0.045, 0.017, 0.01], [0.987, 0.004, 0.007, 0.002], [0.859, 0.01, 0.113, 0.018], [0.384, 0.047, 0.486, 0.082], [0.325, 0.054, 0.537, 0.084], [0.276, 0.178, 0.386, 0.16], [0.185, 0.645, 0.077, 0.093]], "SMAD4": [[0.078, 0.189, 0.616, 0.117], [0.132, 0.17, 0.081, 0.617], [0.03, 0.077, 0.833, 0.06], [0.25, 0.38, 0.16, 0.21], [0.037, 0.622, 0.19, 0.15], [0.998, 0.001, 0.0, 0.0], [0.001, 0.0, 0.998, 0.0], [0.777, 0.16, 0.008, 0.055], [0.0, 1.0, 0.0, 0.0], [0.518, 0.053, 0.162, 0.266]], "CREB1": [[0.009, 0.027, 0.007, 0.957], [0.0, 0.003, 0.994, 0.004], [0.999, 0.0, 0.0, 0.001], [0.0, 0.999, 0.0, 0.001], [0.038, 0.338, 0.335, 0.29], [0.075, 0.415, 0.051, 0.459]], "ELF5": [[0.242, 0.201, 0.49, 0.067], [0.487, 0.138, 0.229, 0.146], [0.876, 0.001, 0.022, 0.1], [0.108, 0.431, 0.252, 0.209], [0.224, 0.425, 0.351, 0.0], [0.657, 0.314, 0.03, 0.0], [0.0, 0.0, 1.0, 0.0], [0.001, 0.0, 0.999, 0.0], [1.0, 0.0, 0.0, 0.0], [1.0, 0.0, 0.0, 0.0], [0.114, 0.0, 0.886, 0.0], [0.097, 0.16, 0.077, 0.667]], "TWIST1": [[0.394, 0.439, 0.138, 0.029], [0.002, 0.998, 0.0, 0.0], [1.0, 0.0, 0.0, 0.0], [0.0, 0.119, 0.431, 0.45], [0.263, 0.575, 0.162, 0.001], [0.0, 0.002, 0.0, 0.998], [0.0, 0.0, 0.999, 0.001], [0.002, 0.254, 0.437, 0.307]], "GFI1B": [[0.634, 0.221, 0.086, 0.06], [0.975, 0.0, 0.005, 0.019], [1.0, 0.0, 0.0, 0.0], [0.002, 0.049, 0.004, 0.945], [0.0, 0.999, 0.0, 0.001], [0.655, 0.01, 0.0, 0.335], [0.133, 0.482, 0.376, 0.009], [0.487, 0.03, 0.143, 0.34], [0.1, 0.043, 0.777, 0.08], [0.122, 0.559, 0.1, 0.22]], "NFATC1": [[0.564, 0.114, 0.207, 0.116], [0.596, 0.117, 0.22, 0.067], [0.125, 0.13, 0.027, 0.717], [0.004, 0.004, 0.991, 0.0], [0.0, 0.0, 1.0, 0.0], [0.972, 0.009, 0.007, 0.012], [0.967, 0.0, 0.024, 0.009], [0.688, 0.057, 0.054, 0.2], [0.411, 0.223, 0.212, 0.154], [0.434, 0.035, 0.191, 0.341], [0.391, 0.159, 0.168, 0.282], [0.21, 0.215, 0.065, 0.509]], "ZNF770": [[0.696, 0.102, 0.142, 0.06], [0.491, 0.357, 0.078, 0.074], [0.068, 0.722, 0.071, 0.139], [0.061, 0.13, 0.062, 0.746], [0.032, 0.778, 0.065, 0.124], [0.039, 0.795, 0.055, 0.11], [0.061, 0.217, 0.069, 0.653], [0.166, 0.087, 0.669, 0.078], [0.131, 0.081, 0.731, 0.057], [0.108, 0.293, 0.548, 0.051], [0.048, 0.74, 0.082, 0.13], [0.034, 0.094, 0.074, 0.798], [0.046, 0.812, 0.063, 0.078], [0.789, 0.091, 0.067, 0.054], [0.74, 0.097, 0.109, 0.055], [0.082, 0.1, 0.743, 0.074], [0.049, 0.426, 0.081, 0.443], [0.214, 0.155, 0.576, 0.055], [0.851, 0.002, 0.141, 0.006], [0.008, 0.001, 0.213, 0.779], [0.001, 0.998, 0.0, 0.001], [0.0, 1.0, 0.0, 0.0], [0.0, 0.0, 0.0, 1.0], [0.0, 0.995, 0.0, 0.005], [0.003, 0.939, 0.006, 0.051], [0.088, 0.464, 0.035, 0.413], [0.399, 0.092, 0.407, 0.102], [0.039, 0.759, 0.045, 0.156], [0.032, 0.814, 0.038, 0.117], [0.023, 0.092, 0.055, 0.829], [0.028, 0.682, 0.065, 0.225], [0.61, 0.085, 0.274, 0.031], [0.037, 0.041, 0.892, 0.03], [0.031, 0.88, 0.073, 0.017], [0.018, 0.911, 0.053, 0.019], [0.019, 0.054, 0.051, 0.876], [0.011, 0.881, 0.043, 0.065], [0.016, 0.872, 0.042, 0.069], [0.084, 0.642, 0.058, 0.215], [0.588, 0.086, 0.263, 0.064], [0.779, 0.08, 0.092, 0.049], [0.434, 0.085, 0.421, 0.06], [0.083, 0.085, 0.405, 0.427], [0.418, 0.102, 0.098, 0.382], [0.105, 0.089, 0.718, 0.088], [0.048, 0.714, 0.086, 0.152], [0.049, 0.112, 0.072, 0.767], [0.136, 0.078, 0.708, 0.078], [0.123, 0.094, 0.726, 0.057], [0.126, 0.093, 0.72, 0.061], [0.742, 0.082, 0.096, 0.08], [0.073, 0.38, 0.091, 0.455], [0.08, 0.173, 0.075, 0.672], [0.712, 0.12, 0.097, 0.071], [0.099, 0.643, 0.079, 0.179], [0.724, 0.114, 0.096, 0.065], [0.142, 0.088, 0.703, 0.066], [0.128, 0.1, 0.697, 0.075], [0.088, 0.517, 0.106, 0.289], [0.399, 0.131, 0.373, 0.097], [0.089, 0.242, 0.114, 0.555], [0.232, 0.118, 0.56, 0.09]], "STAT5A": [[0.0, 0.01, 0.0, 0.99], [0.075, 0.013, 0.003, 0.91], [0.001, 0.998, 0.0, 0.0], [0.058, 0.361, 0.019, 0.561], [0.303, 0.231, 0.171, 0.294], [0.506, 0.016, 0.407, 0.07], [0.006, 0.0, 0.98, 0.015], [0.877, 0.001, 0.007, 0.115], [0.994, 0.0, 0.006, 0.0]], "ZIM3": [[0.974, 0.001, 0.021, 0.004], [0.932, 0.003, 0.019, 0.046], [0.089, 0.871, 0.039, 0.001], [1.0, 0.0, 0.0, 0.0], [0.0, 0.0, 1.0, 0.0], [0.88, 0.075, 0.011, 0.035], [0.993, 0.001, 0.004, 0.002], [0.723, 0.031, 0.048, 0.198], [0.157, 0.293, 0.226, 0.324], [0.078, 0.902, 0.002, 0.018], [0.107, 0.376, 0.03, 0.487], [0.479, 0.245, 0.123, 0.153], [0.42, 0.221, 0.17, 0.188], [0.345, 0.156, 0.217, 0.281], [0.488, 0.155, 0.178, 0.18], [0.344, 0.187, 0.112, 0.357], [0.32, 0.225, 0.219, 0.236], [0.637, 0.13, 0.123, 0.11]], "KLF3": [[0.185, 0.083, 0.617, 0.116], [0.157, 0.674, 0.098, 0.07], [0.076, 0.761, 0.058, 0.104], [0.406, 0.409, 0.108, 0.077], [0.006, 0.982, 0.0, 0.012], [0.366, 0.0, 0.539, 0.094], [0.005, 0.98, 0.0, 0.014], [0.0, 0.981, 0.019, 0.0], [0.005, 0.826, 0.037, 0.132]], "ZNF18": [[0.292, 0.011, 0.617, 0.081], [0.005, 0.013, 0.982, 0.0], [0.012, 0.0, 0.002, 0.986], [0.005, 0.002, 0.992, 0.001], [0.046, 0.003, 0.089, 0.862], [0.025, 0.001, 0.967, 0.007], [0.925, 0.018, 0.001, 0.056], [0.733, 0.028, 0.107, 0.131], [0.012, 0.575, 0.152, 0.262]], "GATA4": [[0.033, 0.594, 0.207, 0.165], [0.043, 0.085, 0.01, 0.862], [0.115, 0.0, 0.0, 0.884], [1.0, 0.0, 0.0, 0.0], [0.005, 0.0, 0.0, 0.995], [0.0, 1.0, 0.0, 0.0], [0.114, 0.004, 0.002, 0.88]], "NEUROD1": [[0.296, 0.584, 0.12, 0.0], [0.009, 0.991, 0.0, 0.0], [0.992, 0.0, 0.002, 0.006], [0.001, 0.045, 0.428, 0.526], [0.237, 0.763, 0.0, 0.0], [0.0, 0.0, 0.0, 1.0], [0.0, 0.0, 1.0, 0.0], [0.001, 0.257, 0.361, 0.382], [0.068, 0.402, 0.09, 0.44]], "RELA": [[0.097, 0.018, 0.639, 0.246], [0.0, 0.0, 0.989, 0.011], [0.039, 0.0, 0.939, 0.022], [0.586, 0.004, 0.401, 0.009], [0.632, 0.149, 0.127, 0.092], [0.377, 0.055, 0.04, 0.527], [0.044, 0.051, 0.064, 0.841], [0.003, 0.029, 0.04, 0.928], [0.025, 0.499, 0.001, 0.475], [0.064, 0.507, 0.058, 0.371]], "MYNN": [[0.123, 0.095, 0.698, 0.085], [0.419, 0.104, 0.429, 0.047], [0.01, 0.979, 0.003, 0.009], [0.004, 0.129, 0.186, 0.68], [0.038, 0.283, 0.19, 0.489], [0.042, 0.114, 0.209, 0.635], [0.019, 0.008, 0.101, 0.872], [0.63, 0.134, 0.186, 0.049], [0.227, 0.155, 0.137, 0.48], [0.044, 0.292, 0.209, 0.455], [0.148, 0.176, 0.129, 0.547], [0.078, 0.214, 0.179, 0.528], [0.115, 0.105, 0.652, 0.128], [0.396, 0.214, 0.239, 0.15], [0.437, 0.27, 0.083, 0.21], [0.378, 0.124, 0.407, 0.09]], "ETV2": [[0.06, 0.546, 0.31, 0.084], [0.165, 0.398, 0.182, 0.255], [0.453, 0.117, 0.289, 0.141], [0.004, 0.586, 0.037, 0.373], [0.103, 0.0, 0.015, 0.882], [0.0, 0.005, 0.0, 0.995], [0.0, 0.999, 0.0, 0.001], [0.0, 1.0, 0.0, 0.0], [0.0, 0.005, 0.282, 0.713], [0.003, 0.157, 0.711, 0.129], [0.04, 0.325, 0.106, 0.529], [0.114, 0.396, 0.092, 0.398], [0.125, 0.252, 0.117, 0.506]], "RFX3": [[0.041, 0.011, 0.89, 0.058], [0.026, 0.058, 0.019, 0.897], [0.083, 0.149, 0.005, 0.763], [0.161, 0.049, 0.634, 0.157], [0.005, 0.88, 0.014, 0.101], [0.022, 0.658, 0.017, 0.304], [0.728, 0.092, 0.054, 0.125], [0.131, 0.08, 0.266, 0.523], [0.121, 0.024, 0.825, 0.031], [0.143, 0.144, 0.66, 0.053], [0.234, 0.428, 0.187, 0.151], [0.605, 0.068, 0.246, 0.081], [0.609, 0.203, 0.122, 0.065], [0.132, 0.582, 0.092, 0.194]], "NFYC": [[0.403, 0.182, 0.364, 0.051], [0.436, 0.056, 0.419, 0.089], [0.006, 0.966, 0.0, 0.027], [0.052, 0.902, 0.043, 0.004], [0.917, 0.0, 0.037, 0.046], [0.884, 0.037, 0.074, 0.006], [0.0, 0.117, 0.019, 0.865], [0.132, 0.581, 0.258, 0.029], [0.566, 0.109, 0.309, 0.016], [0.168, 0.201, 0.565, 0.066]], "SREBF1": [[0.18, 0.179, 0.538, 0.103], [0.167, 0.327, 0.242, 0.264], [0.066, 0.346, 0.34, 0.247], [0.239, 0.301, 0.304, 0.156], [0.129, 0.458, 0.258, 0.154], [0.142, 0.21, 0.38, 0.268], [0.287, 0.212, 0.289, 0.212], [0.172, 0.285, 0.303, 0.24], [0.251, 0.222, 0.42, 0.107], [0.136, 0.244, 0.456, 0.164], [0.254, 0.303, 0.382, 0.061], [0.231, 0.119, 0.647, 0.003], [0.04, 0.022, 0.056, 0.883], [0.029, 0.361, 0.606, 0.005], [0.341, 0.013, 0.572, 0.075], [0.011, 0.448, 0.373, 0.168], [0.054, 0.194, 0.744, 0.009], [0.003, 0.226, 0.0, 0.771], [0.0, 0.083, 0.906, 0.011], [0.802, 0.049, 0.096, 0.053], [0.033, 0.475, 0.086, 0.406], [0.088, 0.476, 0.307, 0.128]], "HOXC9": [[0.423, 0.049, 0.273, 0.255], [0.212, 0.29, 0.158, 0.339], [0.333, 0.206, 0.091, 0.37], [0.497, 0.152, 0.21, 0.141], [0.368, 0.076, 0.333, 0.223], [0.197, 0.429, 0.133, 0.241], [0.39, 0.138, 0.186, 0.286], [0.363, 0.135, 0.39, 0.113], [0.422, 0.201, 0.179, 0.198], [0.179, 0.045, 0.724, 0.052], [0.046, 0.762, 0.002, 0.19], [0.196, 0.51, 0.002, 0.292], [0.65, 0.008, 0.34, 0.003], [0.001, 0.035, 0.056, 0.908], [0.567, 0.171, 0.036, 0.226], [0.891, 0.029, 0.023, 0.057], [0.744, 0.055, 0.076, 0.125], [0.41, 0.063, 0.162, 0.365]], "CREB3L1": [[0.126, 0.083, 0.697, 0.094], [0.109, 0.755, 0.004, 0.133], [0.008, 0.928, 0.061, 0.003], [0.937, 0.001, 0.031, 0.031], [0.007, 0.945, 0.003, 0.045], [0.093, 0.024, 0.877, 0.006], [0.073, 0.121, 0.021, 0.785], [0.121, 0.294, 0.504, 0.081], [0.307, 0.121, 0.412, 0.16], [0.183, 0.339, 0.227, 0.251], [0.151, 0.555, 0.136, 0.159]], "ZNF418": [[0.103, 0.099, 0.335, 0.463], [0.089, 0.037, 0.099, 0.775], [0.058, 0.124, 0.781, 0.037], [0.05, 0.709, 0.058, 0.184], [0.054, 0.076, 0.004, 0.866], [0.045, 0.052, 0.021, 0.882], [0.052, 0.138, 0.153, 0.657], [0.112, 0.11, 0.118, 0.661], [0.647, 0.031, 0.262, 0.06], [0.023, 0.023, 0.89, 0.064], [0.093, 0.837, 0.017, 0.054], [0.062, 0.599, 0.019, 0.32], [0.32, 0.064, 0.107, 0.508], [0.039, 0.727, 0.12, 0.114], [0.211, 0.258, 0.039, 0.492], [0.067, 0.155, 0.352, 0.426]], "ZNF263": [[0.013, 0.359, 0.5